NODE HIERARCHY AND TRANSFORM TABLE  --  GOLF_ALL_GATES_SOURCE.glb
nodes=83  roots=[0, 1, 2, 3, 4, 5, 6, 7, 8, 9, 10, 11, 12, 13, 14, 15, 16, 17, 18, 19, 20, 21, 22, 23, 24, 25, 26, 27, 28, 29, 30, 31, 32, 33, 34, 35, 36, 37, 38, 39, 40, 41, 42, 43, 44, 45, 46, 47, 48, 49, 50, 51, 52, 53, 54, 55, 56, 57, 58, 59, 60, 61, 62, 63, 64, 65, 66, 67, 68, 69, 70, 71, 72, 73, 74, 75, 76, 77, 78, 79, 80, 81, 82]  max depth=0  all reachable=True
mirrored (det<0) nodes: 0 []
determinant range: 1.000000000 .. 1.000000000

idx  name                               mesh   translation                rotation(xyzw)         scale                        det3
------------------------------------------------------------------------------------------------------------------------------------------------------
0    Wheel_RR_Tyre                      0      0.0000,0.0000,0.0000       0.000,0.000,0.000,1.000 1.0000,1.0000,1.0000     1.000000
1    Wheel_RR_Rim                       1      0.0000,0.0000,0.0000       0.000,0.000,0.000,1.000 1.0000,1.0000,1.0000     1.000000
2    Wheel_RR_Disc                      2      0.0000,0.0000,0.0000       0.000,0.000,0.000,1.000 1.0000,1.0000,1.0000     1.000000
3    Wheel_RL_Tyre                      3      0.0000,0.0000,0.0000       0.000,0.000,0.000,1.000 1.0000,1.0000,1.0000     1.000000
4    Wheel_RL_Rim                       4      0.0000,0.0000,0.0000       0.000,0.000,0.000,1.000 1.0000,1.0000,1.0000     1.000000
5    Wheel_RL_Disc                      5      0.0000,0.0000,0.0000       0.000,0.000,0.000,1.000 1.0000,1.0000,1.0000     1.000000
6    Wheel_FR_Tyre                      6      0.0000,0.0000,0.0000       0.000,0.000,0.000,1.000 1.0000,1.0000,1.0000     1.000000
7    Wheel_FR_Rim                       7      0.0000,0.0000,0.0000       0.000,0.000,0.000,1.000 1.0000,1.0000,1.0000     1.000000
8    Wheel_FR_Disc                      8      0.0000,0.0000,0.0000       0.000,0.000,0.000,1.000 1.0000,1.0000,1.0000     1.000000
9    Wheel_FL_Tyre                      9      0.0000,0.0000,0.0000       0.000,0.000,0.000,1.000 1.0000,1.0000,1.0000     1.000000
10   Wheel_FL_Rim                       10     0.0000,0.0000,0.0000       0.000,0.000,0.000,1.000 1.0000,1.0000,1.0000     1.000000
11   Wheel_FL_Disc                      11     0.0000,0.0000,0.0000       0.000,0.000,0.000,1.000 1.0000,1.0000,1.0000     1.000000
12   Underbody                          12     0.0000,0.0000,0.0000       0.000,0.000,0.000,1.000 1.0000,1.0000,1.0000     1.000000
13   TailLamp_R                         13     0.0000,0.0000,0.0000       0.000,0.000,0.000,1.000 1.0000,1.0000,1.0000     1.000000
14   TailLamp_L                         14     0.0000,0.0000,0.0000       0.000,0.000,0.000,1.000 1.0000,1.0000,1.0000     1.000000
15   Mirror_R                           15     0.0000,0.0000,0.0000       0.000,0.000,0.000,1.000 1.0000,1.0000,1.0000     1.000000
16   Mirror_L                           16     0.0000,0.0000,0.0000       0.000,0.000,0.000,1.000 1.0000,1.0000,1.0000     1.000000
17   Interior                           17     0.0000,0.0000,0.0000       0.000,0.000,0.000,1.000 1.0000,1.0000,1.0000     1.000000
18   Glass_Windscreen                   18     0.0000,0.0000,0.0000       0.000,0.000,0.000,1.000 1.0000,1.0000,1.0000     1.000000
19   Glass_Side_R                       19     0.0000,0.0000,0.0000       0.000,0.000,0.000,1.000 1.0000,1.0000,1.0000     1.000000
20   Glass_Side_L                       20     0.0000,0.0000,0.0000       0.000,0.000,0.000,1.000 1.0000,1.0000,1.0000     1.000000
21   Glass_Rear                         21     0.0000,0.0000,0.0000       0.000,0.000,0.000,1.000 1.0000,1.0000,1.0000     1.000000
22   Glass_Quarter_L                    22     0.0000,0.0000,0.0000       0.000,0.000,0.000,1.000 1.0000,1.0000,1.0000     1.000000
23   Bumper_Rear_Trim                   23     0.0000,0.0000,0.0000       0.000,0.000,0.000,1.000 1.0000,1.0000,1.0000     1.000000
24   Bumper_Rear_Paint                  24     0.0000,0.0000,0.0000       0.000,0.000,0.000,1.000 1.0000,1.0000,1.0000     1.000000
25   Bumper_Front_Paint                 25     0.0000,0.0000,0.0000       0.000,0.000,0.000,1.000 1.0000,1.0000,1.0000     1.000000
26   Body_Shell                         26     0.0000,0.0000,0.0000       0.000,0.000,0.000,1.000 1.0000,1.0000,1.0000     1.000000
27   Body_Glass_Reverted                27     0.0000,0.0000,0.0000       0.000,0.000,0.000,1.000 1.0000,1.0000,1.0000     1.000000
28   Arch_Liner                         28     0.0000,0.0000,0.0000       0.000,0.000,0.000,1.000 1.0000,1.0000,1.0000     1.000000
29   Valance_Front                      29     0.0000,0.0000,0.0000       0.000,0.000,0.000,1.000 1.0000,1.0000,1.0000     1.000000
30   Bumper_Front                       30     0.0000,0.0000,0.0000       0.000,0.000,0.000,1.000 1.0000,1.0000,1.0000     1.000000
31   Grille_Upper                       31     0.0000,0.0000,0.0000       0.000,0.000,0.000,1.000 1.0000,1.0000,1.0000     1.000000
32   Headlamp_R_Lens                    32     0.0000,0.0000,0.0000       0.000,0.000,0.000,1.000 1.0000,1.0000,1.0000     1.000000
33   Headlamp_R_Housing                 33     0.0000,0.0000,0.0000       0.000,0.000,0.000,1.000 1.0000,1.0000,1.0000     1.000000
34   Headlamp_R_Internal                34     0.0000,0.0000,0.0000       0.000,0.000,0.000,1.000 1.0000,1.0000,1.0000     1.000000
35   Headlamp_L_Lens                    35     0.0000,0.0000,0.0000       0.000,0.000,0.000,1.000 1.0000,1.0000,1.0000     1.000000
36   Headlamp_L_Housing                 36     0.0000,0.0000,0.0000       0.000,0.000,0.000,1.000 1.0000,1.0000,1.0000     1.000000
37   Headlamp_L_Internal                37     0.0000,0.0000,0.0000       0.000,0.000,0.000,1.000 1.0000,1.0000,1.0000     1.000000
38   DRL_Blade                          38     0.0000,0.0000,0.0000       0.000,0.000,0.000,1.000 1.0000,1.0000,1.0000     1.000000
39   Badge                              39     0.0000,0.0000,0.0000       0.000,0.000,0.000,1.000 1.0000,1.0000,1.0000     1.000000
40   Badge_Mount                        40     0.0000,0.0000,0.0000       0.000,0.000,0.000,1.000 1.0000,1.0000,1.0000     1.000000
41   Grille_Lower                       41     0.0000,0.0000,0.0000       0.000,0.000,0.000,1.000 1.0000,1.0000,1.0000     1.000000
42   Plate_Carrier                      42     0.0000,0.0000,0.0000       0.000,0.000,0.000,1.000 1.0000,1.0000,1.0000     1.000000
43   Plate                              43     0.0000,0.0000,0.0000       0.000,0.000,0.000,1.000 1.0000,1.0000,1.0000     1.000000
44   Intake_R                           44     0.0000,0.0000,0.0000       0.000,0.000,0.000,1.000 1.0000,1.0000,1.0000     1.000000
45   Intake_L                           45     0.0000,0.0000,0.0000       0.000,0.000,0.000,1.000 1.0000,1.0000,1.0000     1.000000
46   Intake_R_Blades                    46     0.0000,0.0000,0.0000       0.000,0.000,0.000,1.000 1.0000,1.0000,1.0000     1.000000
47   Intake_L_Blades                    47     0.0000,0.0000,0.0000       0.000,0.000,0.000,1.000 1.0000,1.0000,1.0000     1.000000
48   TowEye_Cover                       48     0.0000,0.0000,0.0000       0.000,0.000,0.000,1.000 1.0000,1.0000,1.0000     1.000000
49   Hatch                              49     0.0000,0.0000,0.0000       0.000,0.000,0.000,1.000 1.0000,1.0000,1.0000     1.000000
50   Hatch_Inner                        50     0.0000,0.0000,0.0000       0.000,0.000,0.000,1.000 1.0000,1.0000,1.0000     1.000000
51   Bumper_Rear                        51     0.0000,0.0000,0.0000       0.000,0.000,0.000,1.000 1.0000,1.0000,1.0000     1.000000
52   Bumper_Rear_Inner                  52     0.0000,0.0000,0.0000       0.000,0.000,0.000,1.000 1.0000,1.0000,1.0000     1.000000
53   Plate_Rear                         53     0.0000,0.0000,0.0000       0.000,0.000,0.000,1.000 1.0000,1.0000,1.0000     1.000000
54   Glass_Backlight                    54     0.0000,0.0000,0.0000       0.000,0.000,0.000,1.000 1.0000,1.0000,1.0000     1.000000
55   Cabin_Floor                        55     0.0000,0.0000,0.0000       0.000,0.000,0.000,1.000 1.0000,1.0000,1.0000     1.000000
56   Cabin_Tunnel                       56     0.0000,0.0000,0.0000       0.000,0.000,0.000,1.000 1.0000,1.0000,1.0000     1.000000
57   Cabin_Dash                         57     0.0000,0.0000,0.0000       0.000,0.000,0.000,1.000 1.0000,1.0000,1.0000     1.000000
58   Cabin_Binnacle                     58     0.0000,0.0000,0.0000       0.000,0.000,0.000,1.000 1.0000,1.0000,1.0000     1.000000
59   Cabin_Wheel                        59     0.0000,0.0000,0.0000       0.000,0.000,0.000,1.000 1.0000,1.0000,1.0000     1.000000
60   Cabin_Hub                          60     0.0000,0.0000,0.0000       0.000,0.000,0.000,1.000 1.0000,1.0000,1.0000     1.000000
61   Cabin_Spokes                       61     0.0000,0.0000,0.0000       0.000,0.000,0.000,1.000 1.0000,1.0000,1.0000     1.000000
62   Cabin_Column                       62     0.0000,0.0000,0.0000       0.000,0.000,0.000,1.000 1.0000,1.0000,1.0000     1.000000
63   Cabin_Console                      63     0.0000,0.0000,0.0000       0.000,0.000,0.000,1.000 1.0000,1.0000,1.0000     1.000000
64   Cabin_SeatFD_Cush                  64     0.0000,0.0000,0.0000       0.000,0.000,0.000,1.000 1.0000,1.0000,1.0000     1.000000
65   Cabin_SeatFD_Back                  65     0.0000,0.0000,0.0000       0.000,0.000,0.000,1.000 1.0000,1.0000,1.0000     1.000000
66   Cabin_SeatFD_BolB                  66     0.0000,0.0000,0.0000       0.000,0.000,0.000,1.000 1.0000,1.0000,1.0000     1.000000
67   Cabin_SeatFD_BolA                  67     0.0000,0.0000,0.0000       0.000,0.000,0.000,1.000 1.0000,1.0000,1.0000     1.000000
68   Cabin_SeatFD_Head                  68     0.0000,0.0000,0.0000       0.000,0.000,0.000,1.000 1.0000,1.0000,1.0000     1.000000
69   Cabin_SeatFP_Cush                  69     0.0000,0.0000,0.0000       0.000,0.000,0.000,1.000 1.0000,1.0000,1.0000     1.000000
70   Cabin_SeatFP_Back                  70     0.0000,0.0000,0.0000       0.000,0.000,0.000,1.000 1.0000,1.0000,1.0000     1.000000
71   Cabin_SeatFP_BolB                  71     0.0000,0.0000,0.0000       0.000,0.000,0.000,1.000 1.0000,1.0000,1.0000     1.000000
72   Cabin_SeatFP_BolA                  72     0.0000,0.0000,0.0000       0.000,0.000,0.000,1.000 1.0000,1.0000,1.0000     1.000000
73   Cabin_SeatFP_Head                  73     0.0000,0.0000,0.0000       0.000,0.000,0.000,1.000 1.0000,1.0000,1.0000     1.000000
74   Cabin_BenchCush                    74     0.0000,0.0000,0.0000       0.000,0.000,0.000,1.000 1.0000,1.0000,1.0000     1.000000
75   Cabin_BenchBack                    75     0.0000,0.0000,0.0000       0.000,0.000,0.000,1.000 1.0000,1.0000,1.0000     1.000000
76   Cabin_BenchHead_R                  76     0.0000,0.0000,0.0000       0.000,0.000,0.000,1.000 1.0000,1.0000,1.0000     1.000000
77   Cabin_BenchHead_L                  77     0.0000,0.0000,0.0000       0.000,0.000,0.000,1.000 1.0000,1.0000,1.0000     1.000000
78   Cabin_ParcelShelf                  78     0.0000,0.0000,0.0000       0.000,0.000,0.000,1.000 1.0000,1.0000,1.0000     1.000000
79   Cabin_BootFloor                    79     0.0000,0.0000,0.0000       0.000,0.000,0.000,1.000 1.0000,1.0000,1.0000     1.000000
80   Cabin_DoorCard_R                   80     0.0000,0.0000,0.0000       0.000,0.000,0.000,1.000 1.0000,1.0000,1.0000     1.000000
81   Cabin_DoorCard_L                   81     0.0000,0.0000,0.0000       0.000,0.000,0.000,1.000 1.0000,1.0000,1.0000     1.000000
82   Cabin_Headliner                    82     0.0000,0.0000,0.0000       0.000,0.000,0.000,1.000 1.0000,1.0000,1.0000     1.000000
