NODE HIERARCHY AND TRANSFORM TABLE  --  car_wheels_fixed.glb
nodes=83  roots=[0, 1, 2, 3, 4, 5, 6, 7, 8, 9, 10, 11, 12, 13, 14, 15, 16, 17, 18, 19, 20, 21, 22, 23, 24, 25, 26, 27, 28, 29, 30, 31, 32, 33, 34, 35, 36, 37, 38, 39, 40, 41, 42, 43, 44, 45, 46, 47, 48, 49, 50, 51, 52, 53, 54, 55, 56, 57, 58, 59, 60, 61, 62, 63, 64, 65, 66, 67, 68, 69, 70, 71, 72, 73, 74, 75, 76, 77, 78, 79, 80, 81, 82]  max depth=0  all reachable=True
mirrored (det<0) nodes: 0 []
determinant range: 1.000000000 .. 1.000000082

idx  name                               mesh   translation                rotation(xyzw)         scale                        det3
------------------------------------------------------------------------------------------------------------------------------------------------------
0    Underbody                          0      0.0000,0.0000,0.0000       0.000,0.000,0.000,1.000 1.0000,1.0000,1.0000     1.000000
1    TailLamp_R                         1      0.0000,0.0000,0.0000       0.000,0.000,0.000,1.000 1.0000,1.0000,1.0000     1.000000
2    TailLamp_L                         2      0.0000,0.0000,0.0000       0.000,0.000,0.000,1.000 1.0000,1.0000,1.0000     1.000000
3    Mirror_R                           3      0.0000,0.0000,0.0000       0.000,0.000,0.000,1.000 1.0000,1.0000,1.0000     1.000000
4    Mirror_L                           4      0.0000,0.0000,0.0000       0.000,0.000,0.000,1.000 1.0000,1.0000,1.0000     1.000000
5    Interior                           5      0.0000,0.0000,0.0000       0.000,0.000,0.000,1.000 1.0000,1.0000,1.0000     1.000000
6    Glass_Windscreen                   6      0.0000,0.0000,0.0000       0.000,0.000,0.000,1.000 1.0000,1.0000,1.0000     1.000000
7    Glass_Side_R                       7      0.0000,0.0000,0.0000       0.000,0.000,0.000,1.000 1.0000,1.0000,1.0000     1.000000
8    Glass_Side_L                       8      0.0000,0.0000,0.0000       0.000,0.000,0.000,1.000 1.0000,1.0000,1.0000     1.000000
9    Glass_Rear                         9      0.0000,0.0000,0.0000       0.000,0.000,0.000,1.000 1.0000,1.0000,1.0000     1.000000
10   Glass_Quarter_L                    10     0.0000,0.0000,0.0000       0.000,0.000,0.000,1.000 1.0000,1.0000,1.0000     1.000000
11   Bumper_Rear_Trim                   11     0.0000,0.0000,0.0000       0.000,0.000,0.000,1.000 1.0000,1.0000,1.0000     1.000000
12   Bumper_Rear_Paint                  12     0.0000,0.0000,0.0000       0.000,0.000,0.000,1.000 1.0000,1.0000,1.0000     1.000000
13   Bumper_Front_Paint                 13     0.0000,0.0000,0.0000       0.000,0.000,0.000,1.000 1.0000,1.0000,1.0000     1.000000
14   Body_Shell                         14     0.0000,0.0000,0.0000       0.000,0.000,0.000,1.000 1.0000,1.0000,1.0000     1.000000
15   Body_Glass_Reverted                15     0.0000,0.0000,0.0000       0.000,0.000,0.000,1.000 1.0000,1.0000,1.0000     1.000000
16   Arch_Liner                         16     0.0000,0.0000,0.0000       0.000,0.000,0.000,1.000 1.0000,1.0000,1.0000     1.000000
17   Valance_Front                      17     0.0000,0.0000,0.0000       0.000,0.000,0.000,1.000 1.0000,1.0000,1.0000     1.000000
18   Bumper_Front                       18     0.0000,0.0000,0.0000       0.000,0.000,0.000,1.000 1.0000,1.0000,1.0000     1.000000
19   Grille_Upper                       19     0.0000,0.0000,0.0000       0.000,0.000,0.000,1.000 1.0000,1.0000,1.0000     1.000000
20   Headlamp_R_Lens                    20     0.0000,0.0000,0.0000       0.000,0.000,0.000,1.000 1.0000,1.0000,1.0000     1.000000
21   Headlamp_R_Housing                 21     0.0000,0.0000,0.0000       0.000,0.000,0.000,1.000 1.0000,1.0000,1.0000     1.000000
22   Headlamp_R_Internal                22     0.0000,0.0000,0.0000       0.000,0.000,0.000,1.000 1.0000,1.0000,1.0000     1.000000
23   Headlamp_L_Lens                    23     0.0000,0.0000,0.0000       0.000,0.000,0.000,1.000 1.0000,1.0000,1.0000     1.000000
24   Headlamp_L_Housing                 24     0.0000,0.0000,0.0000       0.000,0.000,0.000,1.000 1.0000,1.0000,1.0000     1.000000
25   Headlamp_L_Internal                25     0.0000,0.0000,0.0000       0.000,0.000,0.000,1.000 1.0000,1.0000,1.0000     1.000000
26   DRL_Blade                          26     0.0000,0.0000,0.0000       0.000,0.000,0.000,1.000 1.0000,1.0000,1.0000     1.000000
27   Badge                              27     0.0000,0.0000,0.0000       0.000,0.000,0.000,1.000 1.0000,1.0000,1.0000     1.000000
28   Badge_Mount                        28     0.0000,0.0000,0.0000       0.000,0.000,0.000,1.000 1.0000,1.0000,1.0000     1.000000
29   Grille_Lower                       29     0.0000,0.0000,0.0000       0.000,0.000,0.000,1.000 1.0000,1.0000,1.0000     1.000000
30   Plate_Carrier                      30     0.0000,0.0000,0.0000       0.000,0.000,0.000,1.000 1.0000,1.0000,1.0000     1.000000
31   Plate                              31     0.0000,0.0000,0.0000       0.000,0.000,0.000,1.000 1.0000,1.0000,1.0000     1.000000
32   Intake_R                           32     0.0000,0.0000,0.0000       0.000,0.000,0.000,1.000 1.0000,1.0000,1.0000     1.000000
33   Intake_L                           33     0.0000,0.0000,0.0000       0.000,0.000,0.000,1.000 1.0000,1.0000,1.0000     1.000000
34   Intake_R_Blades                    34     0.0000,0.0000,0.0000       0.000,0.000,0.000,1.000 1.0000,1.0000,1.0000     1.000000
35   Intake_L_Blades                    35     0.0000,0.0000,0.0000       0.000,0.000,0.000,1.000 1.0000,1.0000,1.0000     1.000000
36   TowEye_Cover                       36     0.0000,0.0000,0.0000       0.000,0.000,0.000,1.000 1.0000,1.0000,1.0000     1.000000
37   Hatch                              37     0.0000,0.0000,0.0000       0.000,0.000,0.000,1.000 1.0000,1.0000,1.0000     1.000000
38   Hatch_Inner                        38     0.0000,0.0000,0.0000       0.000,0.000,0.000,1.000 1.0000,1.0000,1.0000     1.000000
39   Bumper_Rear                        39     0.0000,0.0000,0.0000       0.000,0.000,0.000,1.000 1.0000,1.0000,1.0000     1.000000
40   Bumper_Rear_Inner                  40     0.0000,0.0000,0.0000       0.000,0.000,0.000,1.000 1.0000,1.0000,1.0000     1.000000
41   Plate_Rear                         41     0.0000,0.0000,0.0000       0.000,0.000,0.000,1.000 1.0000,1.0000,1.0000     1.000000
42   Glass_Backlight                    42     0.0000,0.0000,0.0000       0.000,0.000,0.000,1.000 1.0000,1.0000,1.0000     1.000000
43   Cabin_Floor                        43     0.0000,0.0000,0.0000       0.000,0.000,0.000,1.000 1.0000,1.0000,1.0000     1.000000
44   Cabin_Tunnel                       44     0.0000,0.0000,0.0000       0.000,0.000,0.000,1.000 1.0000,1.0000,1.0000     1.000000
45   Cabin_Dash                         45     0.0000,0.0000,0.0000       0.000,0.000,0.000,1.000 1.0000,1.0000,1.0000     1.000000
46   Cabin_Binnacle                     46     0.0000,0.0000,0.0000       0.000,0.000,0.000,1.000 1.0000,1.0000,1.0000     1.000000
47   Cabin_Wheel                        47     0.0000,0.0000,0.0000       0.000,0.000,0.000,1.000 1.0000,1.0000,1.0000     1.000000
48   Cabin_Hub                          48     0.0000,0.0000,0.0000       0.000,0.000,0.000,1.000 1.0000,1.0000,1.0000     1.000000
49   Cabin_Spokes                       49     0.0000,0.0000,0.0000       0.000,0.000,0.000,1.000 1.0000,1.0000,1.0000     1.000000
50   Cabin_Column                       50     0.0000,0.0000,0.0000       0.000,0.000,0.000,1.000 1.0000,1.0000,1.0000     1.000000
51   Cabin_Console                      51     0.0000,0.0000,0.0000       0.000,0.000,0.000,1.000 1.0000,1.0000,1.0000     1.000000
52   Cabin_SeatFD_Cush                  52     0.0000,0.0000,0.0000       0.000,0.000,0.000,1.000 1.0000,1.0000,1.0000     1.000000
53   Cabin_SeatFD_Back                  53     0.0000,0.0000,0.0000       0.000,0.000,0.000,1.000 1.0000,1.0000,1.0000     1.000000
54   Cabin_SeatFD_BolB                  54     0.0000,0.0000,0.0000       0.000,0.000,0.000,1.000 1.0000,1.0000,1.0000     1.000000
55   Cabin_SeatFD_BolA                  55     0.0000,0.0000,0.0000       0.000,0.000,0.000,1.000 1.0000,1.0000,1.0000     1.000000
56   Cabin_SeatFD_Head                  56     0.0000,0.0000,0.0000       0.000,0.000,0.000,1.000 1.0000,1.0000,1.0000     1.000000
57   Cabin_SeatFP_Cush                  57     0.0000,0.0000,0.0000       0.000,0.000,0.000,1.000 1.0000,1.0000,1.0000     1.000000
58   Cabin_SeatFP_Back                  58     0.0000,0.0000,0.0000       0.000,0.000,0.000,1.000 1.0000,1.0000,1.0000     1.000000
59   Cabin_SeatFP_BolB                  59     0.0000,0.0000,0.0000       0.000,0.000,0.000,1.000 1.0000,1.0000,1.0000     1.000000
60   Cabin_SeatFP_BolA                  60     0.0000,0.0000,0.0000       0.000,0.000,0.000,1.000 1.0000,1.0000,1.0000     1.000000
61   Cabin_SeatFP_Head                  61     0.0000,0.0000,0.0000       0.000,0.000,0.000,1.000 1.0000,1.0000,1.0000     1.000000
62   Cabin_BenchCush                    62     0.0000,0.0000,0.0000       0.000,0.000,0.000,1.000 1.0000,1.0000,1.0000     1.000000
63   Cabin_BenchBack                    63     0.0000,0.0000,0.0000       0.000,0.000,0.000,1.000 1.0000,1.0000,1.0000     1.000000
64   Cabin_BenchHead_R                  64     0.0000,0.0000,0.0000       0.000,0.000,0.000,1.000 1.0000,1.0000,1.0000     1.000000
65   Cabin_BenchHead_L                  65     0.0000,0.0000,0.0000       0.000,0.000,0.000,1.000 1.0000,1.0000,1.0000     1.000000
66   Cabin_ParcelShelf                  66     0.0000,0.0000,0.0000       0.000,0.000,0.000,1.000 1.0000,1.0000,1.0000     1.000000
67   Cabin_BootFloor                    67     0.0000,0.0000,0.0000       0.000,0.000,0.000,1.000 1.0000,1.0000,1.0000     1.000000
68   Cabin_DoorCard_R                   68     0.0000,0.0000,0.0000       0.000,0.000,0.000,1.000 1.0000,1.0000,1.0000     1.000000
69   Cabin_DoorCard_L                   69     0.0000,0.0000,0.0000       0.000,0.000,0.000,1.000 1.0000,1.0000,1.0000     1.000000
70   Cabin_Headliner                    70     0.0000,0.0000,0.0000       0.000,0.000,0.000,1.000 1.0000,1.0000,1.0000     1.000000
71   Wheel_FL_Tyre                      71     -2.5782,-0.0410,-0.0257    0.000,-1.000,-0.030,0.003 1.0000,1.0000,1.0000     1.000000
72   Wheel_FL_Rim                       72     -2.5782,-0.0410,-0.0257    0.000,-1.000,-0.030,0.003 1.0000,1.0000,1.0000     1.000000
73   Wheel_FL_Disc                      73     -2.5782,-0.0410,-0.0257    0.000,-1.000,-0.030,0.003 1.0000,1.0000,1.0000     1.000000
74   Wheel_FR_Tyre                      71     -0.0052,-0.0410,0.0257     -0.030,0.003,0.000,1.000 1.0000,1.0000,1.0000     1.000000
75   Wheel_FR_Rim                       72     -0.0052,-0.0410,0.0257     -0.030,0.003,0.000,1.000 1.0000,1.0000,1.0000     1.000000
76   Wheel_FR_Disc                      73     -0.0052,-0.0410,0.0257     -0.030,0.003,0.000,1.000 1.0000,1.0000,1.0000     1.000000
77   Wheel_RL_Tyre                      71     -0.0966,-0.0410,-0.0123    0.000,-1.000,-0.030,0.003 1.0000,1.0000,1.0000     1.000000
78   Wheel_RL_Rim                       72     -0.0966,-0.0410,-0.0123    0.000,-1.000,-0.030,0.003 1.0000,1.0000,1.0000     1.000000
79   Wheel_RL_Disc                      73     -0.0966,-0.0410,-0.0123    0.000,-1.000,-0.030,0.003 1.0000,1.0000,1.0000     1.000000
80   Wheel_RR_Tyre                      71     2.4763,-0.0410,0.0123      -0.030,0.003,0.000,1.000 1.0000,1.0000,1.0000     1.000000
81   Wheel_RR_Rim                       72     2.4763,-0.0410,0.0123      -0.030,0.003,0.000,1.000 1.0000,1.0000,1.0000     1.000000
82   Wheel_RR_Disc                      73     2.4763,-0.0410,0.0123      -0.030,0.003,0.000,1.000 1.0000,1.0000,1.0000     1.000000
